Byte rcv      : 
60
01 80 c2 00 00 00 00 05 1a 09 44 b7 00 26 42 42 
03 00 00 00 00 00 80 00 00 05 1a 09 44 a0 00 00 
00 00 80 00 00 05 1a 09 44 a0 80 17 00 00 14 00 
02 00 0f 00 00 00 00 00 00 00 00 00 
Byte rcv      : 
60
01 80 c2 00 00 00 00 05 2a 09 44 b7 00 26 42 42 
03 00 00 00 00 00 80 00 00 05 1a 09 44 a0 00 00 
00 00 80 00 00 05 1a 09 44 a0 80 17 00 00 14 00 
02 00 0f 00 00 00 00 00 00 00 00 00 
Byte rcv      : 
60
01 80 c2 00 00 00 00 05 1a 09 44 b7 00 26 42 42 
03 00 00 00 00 00 80 00 00 05 1a 09 44 a0 00 00 
00 00 80 00 00 05 1a 09 44 a0 80 17 00 00 14 00 
02 00 0f 00 00 00 00 00 00 00 00 00 
