Byte rcv      : 
60
01 80 c2 00 00 00 00 05 1a 09 44 b7 00 26 42 42 
03 00 00 00 00 00 80 00 00 05 1a 09 44 a0 00 00 
00 00 80 00 00 05 1a 09 44 a0 80 17 00 00 14 00 
02 00 0f 00 00 00 00 00 00 00 00 00 
Byte rcv      : 
60
01 80 c2 00 00 00 00 05 1a 09 44 b7 00 26 42 42 
03 00 00 00 00 00 80 00 00 05 1a 09 44 a0 00 00 
00 00 80 00 00 05 1a 09 44 a0 80 17 00 00 14 00 
02 00 0f 00 00 00 00 00 00 00 00 00 
Byte rcv      : 
342
ff ff ff ff ff ff 00 12 3f 3d 97 8d 08 00 45 10 
01 48 00 00 00 00 80 11 39 96 00 00 00 00 ff ff 
ff ff 00 44 00 43 01 34 1a 50 01 01 06 00 81 a8 
af 28 00 14 00 00 00 00 00 00 00 00 00 00 00 00 
00 00 00 00 00 00 00 12 3f 3d 97 8d 00 00 00 00 
00 00 00 00 00 00 00 00 00 00 00 00 00 00 00 00 
00 00 00 00 00 00 00 00 00 00 00 00 00 00 00 00 
00 00 00 00 00 00 00 00 00 00 00 00 00 00 00 00 
00 00 00 00 00 00 00 00 00 00 00 00 00 00 00 00 
00 00 00 00 00 00 00 00 00 00 00 00 00 00 00 00 
00 00 00 00 00 00 00 00 00 00 00 00 00 00 00 00 
00 00 00 00 00 00 00 00 00 00 00 00 00 00 00 00 
00 00 00 00 00 00 00 00 00 00 00 00 00 00 00 00 
00 00 00 00 00 00 00 00 00 00 00 00 00 00 00 00 
00 00 00 00 00 00 00 00 00 00 00 00 00 00 00 00 
00 00 00 00 00 00 00 00 00 00 00 00 00 00 00 00 
00 00 00 00 00 00 00 00 00 00 00 00 00 00 00 00 
00 00 00 00 00 00 63 82 53 63 35 01 01 37 0c 01 
1c 02 03 0f 06 77 0c 2c 2f 1a 79 ff 00 00 00 00 
00 00 00 00 00 00 00 00 00 00 00 00 00 00 00 00 
00 00 00 00 00 00 00 00 00 00 00 00 00 00 00 00 
00 00 00 00 00 00 
Byte rcv      : 
60
01 80 c2 00 00 00 00 05 1a 09 44 b7 00 26 42 42 
03 00 00 00 00 00 80 00 00 05 1a 09 44 a0 00 00 
00 00 80 00 00 05 1a 09 44 a0 80 17 00 00 14 00 
02 00 0f 00 00 00 00 00 00 00 00 00 
Byte rcv      : 
342
ff ff ff ff ff ff 00 12 3f 3c 5f c3 08 00 45 10 
01 48 00 00 00 00 80 11 39 96 00 00 00 00 ff ff 
ff ff 00 44 00 43 01 34 8d 9f 01 01 06 00 e1 d1 
13 54 00 3b 00 00 00 00 00 00 00 00 00 00 00 00 
00 00 00 00 00 00 00 12 3f 3c 5f c3 00 00 00 00 
00 00 00 00 00 00 00 00 00 00 00 00 00 00 00 00 
00 00 00 00 00 00 00 00 00 00 00 00 00 00 00 00 
00 00 00 00 00 00 00 00 00 00 00 00 00 00 00 00 
00 00 00 00 00 00 00 00 00 00 00 00 00 00 00 00 
00 00 00 00 00 00 00 00 00 00 00 00 00 00 00 00 
00 00 00 00 00 00 00 00 00 00 00 00 00 00 00 00 
00 00 00 00 00 00 00 00 00 00 00 00 00 00 00 00 
00 00 00 00 00 00 00 00 00 00 00 00 00 00 00 00 
00 00 00 00 00 00 00 00 00 00 00 00 00 00 00 00 
00 00 00 00 00 00 00 00 00 00 00 00 00 00 00 00 
00 00 00 00 00 00 00 00 00 00 00 00 00 00 00 00 
00 00 00 00 00 00 00 00 00 00 00 00 00 00 00 00 
00 00 00 00 00 00 63 82 53 63 35 01 01 37 0c 01 
1c 02 03 0f 06 77 0c 2c 2f 1a 79 ff 00 00 00 00 
00 00 00 00 00 00 00 00 00 00 00 00 00 00 00 00 
00 00 00 00 00 00 00 00 00 00 00 00 00 00 00 00 
00 00 00 00 00 00 
Byte rcv      : 
60
01 80 c2 00 00 00 00 05 1a 09 44 b7 00 26 42 42 
03 00 00 00 00 00 80 00 00 05 1a 09 44 a0 00 00 
00 00 80 00 00 05 1a 09 44 a0 80 17 00 00 14 00 
02 00 0f 00 00 00 00 00 00 00 00 00 
Byte rcv      : 
60
01 80 c2 00 00 00 00 05 1a 09 44 b7 00 26 42 42 
03 00 00 00 00 00 80 00 00 05 1a 09 44 a0 00 00 
00 00 80 00 00 05 1a 09 44 a0 80 17 00 00 14 00 
02 00 0f 00 00 00 00 00 00 00 00 00 
Byte rcv      : 
60
01 80 c2 00 00 00 00 05 1a 09 44 b7 00 26 42 42 
03 00 00 00 00 00 80 00 00 05 1a 09 44 a0 00 00 
00 00 80 00 00 05 1a 09 44 a0 80 17 00 00 14 00 
02 00 0f 00 00 00 00 00 00 00 00 00 
Byte rcv      : 
60
01 80 c2 00 00 00 00 05 1a 09 44 b7 00 26 42 42 
03 00 00 00 00 00 80 00 00 05 1a 09 44 a0 00 00 
00 00 80 00 00 05 1a 09 44 a0 80 17 00 00 14 00 
02 00 0f 00 00 00 00 00 00 00 00 00 
Byte rcv      : 
60
01 80 c2 00 00 00 00 05 1a 09 44 b7 00 26 42 42 
03 00 00 00 00 00 80 00 00 05 1a 09 44 a0 00 00 
00 00 80 00 00 05 1a 09 44 a0 80 17 00 00 14 00 
02 00 0f 00 00 00 00 00 00 00 00 00 
Byte rcv      : 
92
ff ff ff ff ff ff 00 12 3f 3c 5e da 08 00 45 00 
00 4e 00 00 40 00 40 11 b8 47 c0 a8 00 08 c0 a8 
00 ff 00 89 00 89 00 3a eb ee 0b ad 01 10 00 01 
00 00 00 00 00 00 20 45 46 45 4f 46 44 45 4a 45 
4f 45 47 45 50 43 41 43 41 43 41 43 41 43 41 43 
41 43 41 43 41 42 4e 00 00 20 00 01 
Byte rcv      : 
60
01 80 c2 00 00 00 00 05 1a 09 44 b7 00 26 42 42 
03 00 00 00 00 00 80 00 00 05 1a 09 44 a0 00 00 
00 00 80 00 00 05 1a 09 44 a0 80 17 00 00 14 00 
02 00 0f 00 00 00 00 00 00 00 00 00 
Byte rcv      : 
60
01 80 c2 00 00 00 00 05 1a 09 44 b7 00 26 42 42 
03 00 00 00 00 00 80 00 00 05 1a 09 44 a0 00 00 
00 00 80 00 00 05 1a 09 44 a0 80 17 00 00 14 00 
02 00 0f 00 00 00 00 00 00 00 00 00 
Byte rcv      : 
60
01 80 c2 00 00 00 00 05 1a 09 44 b7 00 26 42 42 
03 00 00 00 00 00 80 00 00 05 1a 09 44 a0 00 00 
00 00 80 00 00 05 1a 09 44 a0 80 17 00 00 14 00 
02 00 0f 00 00 00 00 00 00 00 00 00 
Byte rcv      : 
60
01 80 c2 00 00 00 00 05 1a 09 44 b7 00 26 42 42 
03 00 00 00 00 00 80 00 00 05 1a 09 44 a0 00 00 
00 00 80 00 00 05 1a 09 44 a0 80 17 00 00 14 00 
02 00 0f 00 00 00 00 00 00 00 00 00 
Byte rcv      : 
60
01 80 c2 00 00 00 00 05 1a 09 44 b7 00 26 42 42 
03 00 00 00 00 00 80 00 00 05 1a 09 44 a0 00 00 
00 00 80 00 00 05 1a 09 44 a0 80 17 00 00 14 00 
02 00 0f 00 00 00 00 00 00 00 00 00 
Byte rcv      : 
342
ff ff ff ff ff ff 00 12 3f 3d 97 8d 08 00 45 10 
01 48 00 00 00 00 80 11 39 96 00 00 00 00 ff ff 
ff ff 00 44 00 43 01 34 1a 3b 01 01 06 00 81 a8 
af 28 00 29 00 00 00 00 00 00 00 00 00 00 00 00 
00 00 00 00 00 00 00 12 3f 3d 97 8d 00 00 00 00 
00 00 00 00 00 00 00 00 00 00 00 00 00 00 00 00 
00 00 00 00 00 00 00 00 00 00 00 00 00 00 00 00 
00 00 00 00 00 00 00 00 00 00 00 00 00 00 00 00 
00 00 00 00 00 00 00 00 00 00 00 00 00 00 00 00 
00 00 00 00 00 00 00 00 00 00 00 00 00 00 00 00 
00 00 00 00 00 00 00 00 00 00 00 00 00 00 00 00 
00 00 00 00 00 00 00 00 00 00 00 00 00 00 00 00 
00 00 00 00 00 00 00 00 00 00 00 00 00 00 00 00 
00 00 00 00 00 00 00 00 00 00 00 00 00 00 00 00 
00 00 00 00 00 00 00 00 00 00 00 00 00 00 00 00 
00 00 00 00 00 00 00 00 00 00 00 00 00 00 00 00 
00 00 00 00 00 00 00 00 00 00 00 00 00 00 00 00 
00 00 00 00 00 00 63 82 53 63 35 01 01 37 0c 01 
1c 02 03 0f 06 77 0c 2c 2f 1a 79 ff 00 00 00 00 
00 00 00 00 00 00 00 00 00 00 00 00 00 00 00 00 
00 00 00 00 00 00 00 00 00 00 00 00 00 00 00 00 
00 00 00 00 00 00 
Byte rcv      : 
60
01 80 c2 00 00 00 00 05 1a 09 44 b7 00 26 42 42 
03 00 00 00 00 00 80 00 00 05 1a 09 44 a0 00 00 
00 00 80 00 00 05 1a 09 44 a0 80 17 00 00 14 00 
02 00 0f 00 00 00 00 00 00 00 00 00 
Byte rcv      : 
60
01 80 c2 00 00 00 00 05 1a 09 44 b7 00 26 42 42 
03 00 00 00 00 00 80 00 00 05 1a 09 44 a0 00 00 
00 00 80 00 00 05 1a 09 44 a0 80 17 00 00 14 00 
02 00 0f 00 00 00 00 00 00 00 00 00 
Byte rcv      : 
60
01 80 c2 00 00 00 00 05 1a 09 44 b7 00 26 42 42 
03 00 00 00 00 00 80 00 00 05 1a 09 44 a0 00 00 
00 00 80 00 00 05 1a 09 44 a0 80 17 00 00 14 00 
02 00 0f 00 00 00 00 00 00 00 00 00 
Byte rcv      : 
60
01 80 c2 00 00 00 00 05 1a 09 44 b7 00 26 42 42 
03 00 00 00 00 00 80 00 00 05 1a 09 44 a0 00 00 
00 00 80 00 00 05 1a 09 44 a0 80 17 00 00 14 00 
02 00 0f 00 00 00 00 00 00 00 00 00 
Byte rcv      : 
60
01 80 c2 00 00 00 00 05 1a 09 44 b7 00 26 42 42 
03 00 00 00 00 00 80 00 00 05 1a 09 44 a0 00 00 
00 00 80 00 00 05 1a 09 44 a0 80 17 00 00 14 00 
02 00 0f 00 00 00 00 00 00 00 00 00 
Byte rcv      : 
60
01 80 c2 00 00 00 00 05 1a 09 44 b7 00 26 42 42 
03 00 00 00 00 00 80 00 00 05 1a 09 44 a0 00 00 
00 00 80 00 00 05 1a 09 44 a0 80 17 00 00 14 00 
02 00 0f 00 00 00 00 00 00 00 00 00 
Byte rcv      : 
60
01 80 c2 00 00 00 00 05 1a 09 44 b7 00 26 42 42 
03 00 00 00 00 00 80 00 00 05 1a 09 44 a0 00 00 
00 00 80 00 00 05 1a 09 44 a0 80 17 00 00 14 00 
02 00 0f 00 00 00 00 00 00 00 00 00 
Byte rcv      : 
342
ff ff ff ff ff ff 00 12 3f 3d 97 8d 08 00 45 10 
01 48 00 00 00 00 80 11 39 96 00 00 00 00 ff ff 
ff ff 00 44 00 43 01 34 1a 2c 01 01 06 00 81 a8 
af 28 00 38 00 00 00 00 00 00 00 00 00 00 00 00 
00 00 00 00 00 00 00 12 3f 3d 97 8d 00 00 00 00 
00 00 00 00 00 00 00 00 00 00 00 00 00 00 00 00 
00 00 00 00 00 00 00 00 00 00 00 00 00 00 00 00 
00 00 00 00 00 00 00 00 00 00 00 00 00 00 00 00 
00 00 00 00 00 00 00 00 00 00 00 00 00 00 00 00 
00 00 00 00 00 00 00 00 00 00 00 00 00 00 00 00 
00 00 00 00 00 00 00 00 00 00 00 00 00 00 00 00 
00 00 00 00 00 00 00 00 00 00 00 00 00 00 00 00 
00 00 00 00 00 00 00 00 00 00 00 00 00 00 00 00 
00 00 00 00 00 00 00 00 00 00 00 00 00 00 00 00 
00 00 00 00 00 00 00 00 00 00 00 00 00 00 00 00 
00 00 00 00 00 00 00 00 00 00 00 00 00 00 00 00 
00 00 00 00 00 00 00 00 00 00 00 00 00 00 00 00 
00 00 00 00 00 00 63 82 53 63 35 01 01 37 0c 01 
1c 02 03 0f 06 77 0c 2c 2f 1a 79 ff 00 00 00 00 
00 00 00 00 00 00 00 00 00 00 00 00 00 00 00 00 
00 00 00 00 00 00 00 00 00 00 00 00 00 00 00 00 
00 00 00 00 00 00 
Byte rcv      : 
60
01 80 c2 00 00 00 00 05 1a 09 44 b7 00 26 42 42 
03 00 00 00 00 00 80 00 00 05 1a 09 44 a0 00 00 
00 00 80 00 00 05 1a 09 44 a0 80 17 00 00 14 00 
02 00 0f 00 00 00 00 00 00 00 00 00 
Byte rcv      : 
42
ff ff ff ff ff ff 00 12 3f 43 17 b6 08 06 00 01 
08 00 06 04 00 01 00 12 3f 43 17 b6 c0 a8 00 03 
00 00 00 00 00 00 c0 a8 00 06 
Byte rcv      : 
60
00 12 3f 43 17 b6 00 12 3f 3d 96 57 08 06 00 01 
08 00 06 04 00 02 00 12 3f 3d 96 57 c0 a8 00 06 
00 12 3f 43 17 b6 c0 a8 00 03 00 00 00 00 00 00 
00 00 00 00 00 00 00 00 00 00 00 00 
Byte rcv      : 
98
00 12 3f 3d 96 57 00 12 3f 43 17 b6 08 00 45 00 
00 54 00 00 40 00 40 01 b9 4f c0 a8 00 03 c0 a8 
00 06 08 00 3e 25 55 0b 00 01 f6 76 8d 4e f5 05 
01 00 08 09 0a 0b 0c 0d 0e 0f 10 11 12 13 14 15 
16 17 18 19 1a 1b 1c 1d 1e 1f 20 21 22 23 24 25 
26 27 28 29 2a 2b 2c 2d 2e 2f 30 31 32 33 34 35 
36 37 
Byte rcv      : 
98
00 12 3f 43 17 b6 00 12 3f 3d 96 57 08 00 45 00 
00 54 dd e1 00 00 40 01 1b 6e c0 a8 00 06 c0 a8 
00 03 00 00 46 25 55 0b 00 01 f6 76 8d 4e f5 05 
01 00 08 09 0a 0b 0c 0d 0e 0f 10 11 12 13 14 15 
16 17 18 19 1a 1b 1c 1d 1e 1f 20 21 22 23 24 25 
26 27 28 29 2a 2b 2c 2d 2e 2f 30 31 32 33 34 35 
36 37 
Byte rcv      : 
98
00 12 3f 3d 96 57 00 12 3f 43 17 b6 08 00 45 00 
00 54 00 00 40 00 40 01 b9 4f c0 a8 00 03 c0 a8 
00 06 08 00 e2 0f 55 0b 00 02 f7 76 8d 4e 50 1a 
01 00 08 09 0a 0b 0c 0d 0e 0f 10 11 12 13 14 15 
16 17 18 19 1a 1b 1c 1d 1e 1f 20 21 22 23 24 25 
26 27 28 29 2a 2b 2c 2d 2e 2f 30 31 32 33 34 35 
36 37 
Byte rcv      : 
98
00 12 3f 43 17 b6 00 12 3f 3d 96 57 08 00 45 00 
00 54 dd e2 00 00 40 01 1b 6d c0 a8 00 06 c0 a8 
00 03 00 00 ea 0f 55 0b 00 02 f7 76 8d 4e 50 1a 
01 00 08 09 0a 0b 0c 0d 0e 0f 10 11 12 13 14 15 
16 17 18 19 1a 1b 1c 1d 1e 1f 20 21 22 23 24 25 
26 27 28 29 2a 2b 2c 2d 2e 2f 30 31 32 33 34 35 
36 37 
Byte rcv      : 
60
01 80 c2 00 00 00 00 05 1a 09 44 b7 00 26 42 42 
03 00 00 00 00 00 80 00 00 05 1a 09 44 a0 00 00 
00 00 80 00 00 05 1a 09 44 a0 80 17 00 00 14 00 
02 00 0f 00 00 00 00 00 00 00 00 00 
Byte rcv      : 
98
00 12 3f 3d 96 57 00 12 3f 43 17 b6 08 00 45 00 
00 54 00 00 40 00 40 01 b9 4f c0 a8 00 03 c0 a8 
00 06 08 00 db 0e 55 0b 00 03 f8 76 8d 4e 56 1a 
01 00 08 09 0a 0b 0c 0d 0e 0f 10 11 12 13 14 15 
16 17 18 19 1a 1b 1c 1d 1e 1f 20 21 22 23 24 25 
26 27 28 29 2a 2b 2c 2d 2e 2f 30 31 32 33 34 35 
36 37 
Byte rcv      : 
98
00 12 3f 43 17 b6 00 12 3f 3d 96 57 08 00 45 00 
00 54 dd e3 00 00 40 01 1b 6c c0 a8 00 06 c0 a8 
00 03 00 00 e3 0e 55 0b 00 03 f8 76 8d 4e 56 1a 
01 00 08 09 0a 0b 0c 0d 0e 0f 10 11 12 13 14 15 
16 17 18 19 1a 1b 1c 1d 1e 1f 20 21 22 23 24 25 
26 27 28 29 2a 2b 2c 2d 2e 2f 30 31 32 33 34 35 
36 37 
Byte rcv      : 
98
00 12 3f 3d 96 57 00 12 3f 43 17 b6 08 00 45 00 
00 54 00 00 40 00 40 01 b9 4f c0 a8 00 03 c0 a8 
00 06 08 00 dd 0d 55 0b 00 04 f9 76 8d 4e 53 1a 
01 00 08 09 0a 0b 0c 0d 0e 0f 10 11 12 13 14 15 
16 17 18 19 1a 1b 1c 1d 1e 1f 20 21 22 23 24 25 
26 27 28 29 2a 2b 2c 2d 2e 2f 30 31 32 33 34 35 
36 37 
Byte rcv      : 
98
00 12 3f 43 17 b6 00 12 3f 3d 96 57 08 00 45 00 
00 54 dd e4 00 00 40 01 1b 6b c0 a8 00 06 c0 a8 
00 03 00 00 e5 0d 55 0b 00 04 f9 76 8d 4e 53 1a 
01 00 08 09 0a 0b 0c 0d 0e 0f 10 11 12 13 14 15 
16 17 18 19 1a 1b 1c 1d 1e 1f 20 21 22 23 24 25 
26 27 28 29 2a 2b 2c 2d 2e 2f 30 31 32 33 34 35 
36 37 
Byte rcv      : 
60
01 80 c2 00 00 00 00 05 1a 09 44 b7 00 26 42 42 
03 00 00 00 00 00 80 00 00 05 1a 09 44 a0 00 00 
00 00 80 00 00 05 1a 09 44 a0 80 17 00 00 14 00 
02 00 0f 00 00 00 00 00 00 00 00 00 
Byte rcv      : 
98
00 12 3f 3d 96 57 00 12 3f 43 17 b6 08 00 45 00 
00 54 00 00 40 00 40 01 b9 4f c0 a8 00 03 c0 a8 
00 06 08 00 e6 0c 55 0b 00 05 fa 76 8d 4e 49 1a 
01 00 08 09 0a 0b 0c 0d 0e 0f 10 11 12 13 14 15 
16 17 18 19 1a 1b 1c 1d 1e 1f 20 21 22 23 24 25 
26 27 28 29 2a 2b 2c 2d 2e 2f 30 31 32 33 34 35 
36 37 
Byte rcv      : 
98
00 12 3f 43 17 b6 00 12 3f 3d 96 57 08 00 45 00 
00 54 dd e5 00 00 40 01 1b 6a c0 a8 00 06 c0 a8 
00 03 00 00 ee 0c 55 0b 00 05 fa 76 8d 4e 49 1a 
01 00 08 09 0a 0b 0c 0d 0e 0f 10 11 12 13 14 15 
16 17 18 19 1a 1b 1c 1d 1e 1f 20 21 22 23 24 25 
26 27 28 29 2a 2b 2c 2d 2e 2f 30 31 32 33 34 35 
36 37 
Byte rcv      : 
60
00 12 3f 43 17 b6 00 12 3f 3d 96 57 08 06 00 01 
08 00 06 04 00 01 00 12 3f 3d 96 57 c0 a8 00 06 
00 00 00 00 00 00 c0 a8 00 03 00 00 00 00 00 00 
00 00 00 00 00 00 00 00 00 00 00 00 
Byte rcv      : 
42
00 12 3f 3d 96 57 00 12 3f 43 17 b6 08 06 00 01 
08 00 06 04 00 02 00 12 3f 43 17 b6 c0 a8 00 03 
00 12 3f 3d 96 57 c0 a8 00 06 
Byte rcv      : 
98
00 12 3f 3d 96 57 00 12 3f 43 17 b6 08 00 45 00 
00 54 00 00 40 00 40 01 b9 4f c0 a8 00 03 c0 a8 
00 06 08 00 eb 0b 55 0b 00 06 fb 76 8d 4e 43 1a 
01 00 08 09 0a 0b 0c 0d 0e 0f 10 11 12 13 14 15 
16 17 18 19 1a 1b 1c 1d 1e 1f 20 21 22 23 24 25 
26 27 28 29 2a 2b 2c 2d 2e 2f 30 31 32 33 34 35 
36 37 
Byte rcv      : 
98
00 12 3f 43 17 b6 00 12 3f 3d 96 57 08 00 45 00 
00 54 dd e6 00 00 40 01 1b 69 c0 a8 00 06 c0 a8 
00 03 00 00 f3 0b 55 0b 00 06 fb 76 8d 4e 43 1a 
01 00 08 09 0a 0b 0c 0d 0e 0f 10 11 12 13 14 15 
16 17 18 19 1a 1b 1c 1d 1e 1f 20 21 22 23 24 25 
26 27 28 29 2a 2b 2c 2d 2e 2f 30 31 32 33 34 35 
36 37 
Byte rcv      : 
60
01 80 c2 00 00 00 00 05 1a 09 44 b7 00 26 42 42 
03 00 00 00 00 00 80 00 00 05 1a 09 44 a0 00 00 
00 00 80 00 00 05 1a 09 44 a0 80 17 00 00 14 00 
02 00 0f 00 00 00 00 00 00 00 00 00 
Byte rcv      : 
342
ff ff ff ff ff ff 00 12 3f 43 17 b6 08 00 45 10 
01 48 00 00 00 00 80 11 39 96 00 00 00 00 ff ff 
ff ff 00 44 00 43 01 34 1e 24 01 01 06 00 6d 86 
3f 5c 00 00 00 00 00 00 00 00 00 00 00 00 00 00 
00 00 00 00 00 00 00 12 3f 43 17 b6 00 00 00 00 
00 00 00 00 00 00 00 00 00 00 00 00 00 00 00 00 
00 00 00 00 00 00 00 00 00 00 00 00 00 00 00 00 
00 00 00 00 00 00 00 00 00 00 00 00 00 00 00 00 
00 00 00 00 00 00 00 00 00 00 00 00 00 00 00 00 
00 00 00 00 00 00 00 00 00 00 00 00 00 00 00 00 
00 00 00 00 00 00 00 00 00 00 00 00 00 00 00 00 
00 00 00 00 00 00 00 00 00 00 00 00 00 00 00 00 
00 00 00 00 00 00 00 00 00 00 00 00 00 00 00 00 
00 00 00 00 00 00 00 00 00 00 00 00 00 00 00 00 
00 00 00 00 00 00 00 00 00 00 00 00 00 00 00 00 
00 00 00 00 00 00 00 00 00 00 00 00 00 00 00 00 
00 00 00 00 00 00 00 00 00 00 00 00 00 00 00 00 
00 00 00 00 00 00 63 82 53 63 35 01 01 37 0c 01 
1c 02 03 0f 06 77 0c 2c 2f 1a 79 ff 00 00 00 00 
00 00 00 00 00 00 00 00 00 00 00 00 00 00 00 00 
00 00 00 00 00 00 00 00 00 00 00 00 00 00 00 00 
00 00 00 00 00 00 
Byte rcv      : 
98
00 12 3f 3d 96 57 00 12 3f 43 17 b6 08 00 45 00 
00 54 00 00 40 00 40 01 b9 4f c0 a8 00 03 c0 a8 
00 06 08 00 e9 0a 55 0b 00 07 fc 76 8d 4e 44 1a 
01 00 08 09 0a 0b 0c 0d 0e 0f 10 11 12 13 14 15 
16 17 18 19 1a 1b 1c 1d 1e 1f 20 21 22 23 24 25 
26 27 28 29 2a 2b 2c 2d 2e 2f 30 31 32 33 34 35 
36 37 
Byte rcv      : 
98
00 12 3f 43 17 b6 00 12 3f 3d 96 57 08 00 45 00 
00 54 dd e7 00 00 40 01 1b 68 c0 a8 00 06 c0 a8 
00 03 00 00 f1 0a 55 0b 00 07 fc 76 8d 4e 44 1a 
01 00 08 09 0a 0b 0c 0d 0e 0f 10 11 12 13 14 15 
16 17 18 19 1a 1b 1c 1d 1e 1f 20 21 22 23 24 25 
26 27 28 29 2a 2b 2c 2d 2e 2f 30 31 32 33 34 35 
36 37 
Byte rcv      : 
98
00 12 3f 3d 96 57 00 12 3f 43 17 b6 08 00 45 00 
00 54 00 00 40 00 40 01 b9 4f c0 a8 00 03 c0 a8 
00 06 08 00 d7 09 55 0b 00 08 fd 76 8d 4e 55 1a 
01 00 08 09 0a 0b 0c 0d 0e 0f 10 11 12 13 14 15 
16 17 18 19 1a 1b 1c 1d 1e 1f 20 21 22 23 24 25 
26 27 28 29 2a 2b 2c 2d 2e 2f 30 31 32 33 34 35 
36 37 
Byte rcv      : 
98
00 12 3f 43 17 b6 00 12 3f 3d 96 57 08 00 45 00 
00 54 dd e8 00 00 40 01 1b 67 c0 a8 00 06 c0 a8 
00 03 00 00 df 09 55 0b 00 08 fd 76 8d 4e 55 1a 
01 00 08 09 0a 0b 0c 0d 0e 0f 10 11 12 13 14 15 
16 17 18 19 1a 1b 1c 1d 1e 1f 20 21 22 23 24 25 
26 27 28 29 2a 2b 2c 2d 2e 2f 30 31 32 33 34 35 
36 37 