Byte rcv      : 
60
01 80 c2 00 00 00 00 05 1a 09 44 b7 00 26 42 42 
03 00 00 00 00 00 80 00 00 05 1a 09 44 a0 00 00 
00 00 80 00 00 05 1a 09 44 a0 80 17 00 00 14 00 
02 00 0f 00 00 00 00 00 00 00 00 00 
Byte rcv      : 
342
ff ff ff ff ff ff 00 12 3f 3c 5f c3 08 00 45 10 
01 48 00 00 00 00 80 11 39 96 00 00 00 00 ff ff 
ff ff 00 44 00 43 01 34 bd 01 01 01 06 00 f8 f4 
cd 02 00 07 00 00 00 00 00 00 00 00 00 00 00 00 
00 00 00 00 00 00 00 12 3f 3c 5f c3 00 00 00 00 
00 00 00 00 00 00 00 00 00 00 00 00 00 00 00 00 
00 00 00 00 00 00 00 00 00 00 00 00 00 00 00 00 
00 00 00 00 00 00 00 00 00 00 00 00 00 00 00 00 
00 00 00 00 00 00 00 00 00 00 00 00 00 00 00 00 
00 00 00 00 00 00 00 00 00 00 00 00 00 00 00 00 
00 00 00 00 00 00 00 00 00 00 00 00 00 00 00 00 
00 00 00 00 00 00 00 00 00 00 00 00 00 00 00 00 
00 00 00 00 00 00 00 00 00 00 00 00 00 00 00 00 
00 00 00 00 00 00 00 00 00 00 00 00 00 00 00 00 
00 00 00 00 00 00 00 00 00 00 00 00 00 00 00 00 
00 00 00 00 00 00 00 00 00 00 00 00 00 00 00 00 
00 00 00 00 00 00 00 00 00 00 00 00 00 00 00 00 
00 00 00 00 00 00 63 82 53 63 35 01 01 37 0c 01 
1c 02 03 0f 06 77 0c 2c 2f 1a 79 ff 00 00 00 00 
00 00 00 00 00 00 00 00 00 00 00 00 00 00 00 00 
00 00 00 00 00 00 00 00 00 00 00 00 00 00 00 00 
00 00 00 00 00 00 
Byte rcv      : 
98
00 12 3f 43 17 b6 00 12 3f 3d 97 8d 08 00 45 00 
00 54 00 00 40 00 40 01 b9 53 c0 a8 00 02 c0 a8 
00 03 08 00 f6 b0 ae 0d 00 01 45 32 8c 4e 95 bc 
01 00 08 09 0a 0b 0c 0d 0e 0f 10 11 12 13 14 15 
16 17 18 19 1a 1b 1c 1d 1e 1f 20 21 22 23 24 25 
26 27 28 29 2a 2b 2c 2d 2e 2f 30 31 32 33 34 35 
36 37 
Byte rcv      : 
42
ff ff ff ff ff ff 00 12 3f 43 17 b6 08 06 00 01 
08 00 06 04 00 01 00 12 3f 43 17 b6 c0 a8 00 03 
00 00 00 00 00 00 c0 a8 00 02 
Byte rcv      : 
60
00 12 3f 43 17 b6 00 12 3f 3d 97 8d 08 06 00 01 
08 00 06 04 00 02 00 12 3f 3d 97 8d c0 a8 00 02 
00 12 3f 43 17 b6 c0 a8 00 03 00 00 00 00 00 00 
00 00 00 00 00 00 00 00 00 00 00 00 
Byte rcv      : 
98
00 12 3f 3d 97 8d 00 12 3f 43 17 b6 08 00 45 00 
00 54 05 21 00 00 40 01 f4 32 c0 a8 00 03 c0 a8 
00 02 00 00 fe b0 ae 0d 00 01 45 32 8c 4e 95 bc 
01 00 08 09 0a 0b 0c 0d 0e 0f 10 11 12 13 14 15 
16 17 18 19 1a 1b 1c 1d 1e 1f 20 21 22 23 24 25 
26 27 28 29 2a 2b 2c 2d 2e 2f 30 31 32 33 34 35 
36 37 
Byte rcv      : 
60
01 80 c2 00 00 00 00 05 1a 09 44 b7 00 26 42 42 
03 00 00 00 00 00 80 00 00 05 1a 09 44 a0 00 00 
00 00 80 00 00 05 1a 09 44 a0 80 17 00 00 14 00 
02 00 0f 00 00 00 00 00 00 00 00 00 
Byte rcv      : 
98
00 12 3f 43 17 b6 00 12 3f 3d 97 8d 08 00 45 00 
00 54 00 00 40 00 40 01 b9 53 c0 a8 00 02 c0 a8 
00 03 08 00 dc b3 ae 0d 00 02 46 32 8c 4e ae b8 
01 00 08 09 0a 0b 0c 0d 0e 0f 10 11 12 13 14 15 
16 17 18 19 1a 1b 1c 1d 1e 1f 20 21 22 23 24 25 
26 27 28 29 2a 2b 2c 2d 2e 2f 30 31 32 33 34 35 
36 37 
Byte rcv      : 
98
00 12 3f 3d 97 8d 00 12 3f 43 17 b6 08 00 45 00 
00 54 05 22 00 00 40 01 f4 31 c0 a8 00 03 c0 a8 
00 02 00 00 e4 b3 ae 0d 00 02 46 32 8c 4e ae b8 
01 00 08 09 0a 0b 0c 0d 0e 0f 10 11 12 13 14 15 
16 17 18 19 1a 1b 1c 1d 1e 1f 20 21 22 23 24 25 
26 27 28 29 2a 2b 2c 2d 2e 2f 30 31 32 33 34 35 
36 37 
Byte rcv      : 
98
00 12 3f 43 17 b6 00 12 3f 3d 97 8d 08 00 45 00 
00 54 00 00 40 00 40 01 b9 53 c0 a8 00 02 c0 a8 
00 03 08 00 c2 b6 ae 0d 00 03 47 32 8c 4e c7 b4 
01 00 08 09 0a 0b 0c 0d 0e 0f 10 11 12 13 14 15 
16 17 18 19 1a 1b 1c 1d 1e 1f 20 21 22 23 24 25 
26 27 28 29 2a 2b 2c 2d 2e 2f 30 31 32 33 34 35 
36 37 
Byte rcv      : 
98
00 12 3f 3d 97 8d 00 12 3f 43 17 b6 08 00 45 00 
00 54 05 23 00 00 40 01 f4 30 c0 a8 00 03 c0 a8 
00 02 00 00 ca b6 ae 0d 00 03 47 32 8c 4e c7 b4 
01 00 08 09 0a 0b 0c 0d 0e 0f 10 11 12 13 14 15 
16 17 18 19 1a 1b 1c 1d 1e 1f 20 21 22 23 24 25 
26 27 28 29 2a 2b 2c 2d 2e 2f 30 31 32 33 34 35 
36 37 
Byte rcv      : 
98
00 12 3f 43 17 b6 00 12 3f 3d 97 8d 08 00 45 00 
00 54 00 00 40 00 40 01 b9 53 c0 a8 00 02 c0 a8 
00 03 08 00 0f b6 ae 0d 00 04 48 32 8c 4e 79 b4 
01 00 08 09 0a 0b 0c 0d 0e 0f 10 11 12 13 14 15 
16 17 18 19 1a 1b 1c 1d 1e 1f 20 21 22 23 24 25 
26 27 28 29 2a 2b 2c 2d 2e 2f 30 31 32 33 34 35 
36 37 
Byte rcv      : 
98
00 12 3f 3d 97 8d 00 12 3f 43 17 b6 08 00 45 00 
00 54 05 24 00 00 40 01 f4 2f c0 a8 00 03 c0 a8 
00 02 00 00 17 b6 ae 0d 00 04 48 32 8c 4e 79 b4 
01 00 08 09 0a 0b 0c 0d 0e 0f 10 11 12 13 14 15 
16 17 18 19 1a 1b 1c 1d 1e 1f 20 21 22 23 24 25 
26 27 28 29 2a 2b 2c 2d 2e 2f 30 31 32 33 34 35 
36 37 
Byte rcv      : 
60
01 80 c2 00 00 00 00 05 1a 09 44 b7 00 26 42 42 
03 00 00 00 00 00 80 00 00 05 1a 09 44 a0 00 00 
00 00 80 00 00 05 1a 09 44 a0 80 17 00 00 14 00 
02 00 0f 00 00 00 00 00 00 00 00 00 
Byte rcv      : 
98
00 12 3f 43 17 b6 00 12 3f 3d 97 8d 08 00 45 00 
00 54 00 00 40 00 40 01 b9 53 c0 a8 00 02 c0 a8 
00 03 08 00 0c b5 ae 0d 00 05 49 32 8c 4e 7b b4 
01 00 08 09 0a 0b 0c 0d 0e 0f 10 11 12 13 14 15 
16 17 18 19 1a 1b 1c 1d 1e 1f 20 21 22 23 24 25 
26 27 28 29 2a 2b 2c 2d 2e 2f 30 31 32 33 34 35 
36 37 
Byte rcv      : 
98
00 12 3f 3d 97 8d 00 12 3f 43 17 b6 08 00 45 00 
00 54 05 25 00 00 40 01 f4 2e c0 a8 00 03 c0 a8 
00 02 00 00 14 b5 ae 0d 00 05 49 32 8c 4e 7b b4 
01 00 08 09 0a 0b 0c 0d 0e 0f 10 11 12 13 14 15 
16 17 18 19 1a 1b 1c 1d 1e 1f 20 21 22 23 24 25 
26 27 28 29 2a 2b 2c 2d 2e 2f 30 31 32 33 34 35 
36 37 
Byte rcv      : 
60
01 80 c2 00 00 00 00 05 1a 09 44 b7 00 26 42 42 
03 00 00 00 00 00 80 00 00 05 1a 09 44 a0 00 00 
00 00 80 00 00 05 1a 09 44 a0 80 17 00 00 14 00 
02 00 0f 00 00 00 00 00 00 00 00 00 
Byte rcv      : 
98
00 12 3f 43 17 b6 00 12 3f 3d 97 8d 08 00 45 00 
00 54 00 00 40 00 40 01 b9 53 c0 a8 00 02 c0 a8 
00 03 08 00 0d b4 ae 0d 00 06 4a 32 8c 4e 79 b4 
01 00 08 09 0a 0b 0c 0d 0e 0f 10 11 12 13 14 15 
16 17 18 19 1a 1b 1c 1d 1e 1f 20 21 22 23 24 25 
26 27 28 29 2a 2b 2c 2d 2e 2f 30 31 32 33 34 35 
36 37 
Byte rcv      : 
98
00 12 3f 3d 97 8d 00 12 3f 43 17 b6 08 00 45 00 
00 54 05 26 00 00 40 01 f4 2d c0 a8 00 03 c0 a8 
00 02 00 00 15 b4 ae 0d 00 06 4a 32 8c 4e 79 b4 
01 00 08 09 0a 0b 0c 0d 0e 0f 10 11 12 13 14 15 
16 17 18 19 1a 1b 1c 1d 1e 1f 20 21 22 23 24 25 
26 27 28 29 2a 2b 2c 2d 2e 2f 30 31 32 33 34 35 
36 37 
Byte rcv      : 
262
ff ff ff ff ff ff 00 12 3f 3c 5f c3 08 00 45 00 
00 f8 00 00 40 00 40 11 b7 a4 c0 a8 00 01 c0 a8 
00 ff 00 8a 00 8a 00 e4 91 91 11 0a 3b 16 c0 a8 
00 01 00 8a 00 ce 00 00 20 46 44 44 41 44 45 44 
47 45 43 44 42 44 44 46 43 46 41 45 44 44 41 44 
42 43 41 43 41 43 41 41 41 00 20 45 46 45 4f 46 
44 45 4a 45 4f 45 47 45 50 43 41 43 41 43 41 43 
41 43 41 43 41 43 41 43 41 42 4e 00 ff 53 4d 42 
25 00 00 00 00 00 00 00 00 00 00 00 00 00 00 00 
00 00 00 00 00 00 00 00 00 00 00 00 11 00 00 34 
00 00 00 00 00 00 00 00 00 00 00 00 00 00 00 00 
00 00 00 34 00 56 00 03 00 01 00 01 00 02 00 45 
00 5c 4d 41 49 4c 53 4c 4f 54 5c 42 52 4f 57 53 
45 00 01 01 80 fc 0a 00 53 30 34 36 42 31 33 52 
50 43 30 31 00 00 00 00 04 09 03 9a 81 00 0f 01 
55 aa 53 30 34 36 42 31 33 52 70 63 30 31 20 73 
65 72 76 65 72 00 
Byte rcv      : 
98
00 12 3f 43 17 b6 00 12 3f 3d 97 8d 08 00 45 00 
00 54 00 00 40 00 40 01 b9 53 c0 a8 00 02 c0 a8 
00 03 08 00 04 b3 ae 0d 00 07 4b 32 8c 4e 81 b4 
01 00 08 09 0a 0b 0c 0d 0e 0f 10 11 12 13 14 15 
16 17 18 19 1a 1b 1c 1d 1e 1f 20 21 22 23 24 25 
26 27 28 29 2a 2b 2c 2d 2e 2f 30 31 32 33 34 35 
36 37 
Byte rcv      : 
98
00 12 3f 3d 97 8d 00 12 3f 43 17 b6 08 00 45 00 
00 54 05 27 00 00 40 01 f4 2c c0 a8 00 03 c0 a8 
00 02 00 00 0c b3 ae 0d 00 07 4b 32 8c 4e 81 b4 
01 00 08 09 0a 0b 0c 0d 0e 0f 10 11 12 13 14 15 
16 17 18 19 1a 1b 1c 1d 1e 1f 20 21 22 23 24 25 
26 27 28 29 2a 2b 2c 2d 2e 2f 30 31 32 33 34 35 
36 37 
Byte rcv      : 
60
01 80 c2 00 00 00 00 05 1a 09 44 b7 00 26 42 42 
03 00 00 00 00 00 80 00 00 05 1a 09 44 a0 00 00 
00 00 80 00 00 05 1a 09 44 a0 80 17 00 00 14 00 
02 00 0f 00 00 00 00 00 00 00 00 00 
Byte rcv      : 
98
00 12 3f 43 17 b6 00 12 3f 3d 97 8d 08 00 45 00 
00 54 00 00 40 00 40 01 b9 53 c0 a8 00 02 c0 a8 
00 03 08 00 0a b2 ae 0d 00 08 4c 32 8c 4e 7a b4 
01 00 08 09 0a 0b 0c 0d 0e 0f 10 11 12 13 14 15 
16 17 18 19 1a 1b 1c 1d 1e 1f 20 21 22 23 24 25 
26 27 28 29 2a 2b 2c 2d 2e 2f 30 31 32 33 34 35 
36 37 
Byte rcv      : 
98
00 12 3f 3d 97 8d 00 12 3f 43 17 b6 08 00 45 00 
00 54 05 28 00 00 40 01 f4 2b c0 a8 00 03 